0 KEY_B 0;0 0;0
5 KEY_ZL 0;0 0;0
40 KEY_ZL;KEY_Y 0;0 0;0
42 KEY_X;KEY_A 30000;0 0;0
43 KEY_A 30000;0 0;0
44 KEY_A 30000;0 0;0
45 KEY_A 30000;0 0;0
46 KEY_A 30000;0 0;0
106 KEY_B 0;0 0;0
111 KEY_ZL 0;0 0;0
146 KEY_ZL;KEY_Y 0;0 0;0
148 KEY_X;KEY_A 30000;0 0;0
149 KEY_A 30000;0 0;0
150 KEY_A 30000;0 0;0
151 KEY_A 30000;0 0;0
152 KEY_A 30000;0 0;0
212 KEY_B 0;0 0;0
217 KEY_ZL 0;0 0;0
252 KEY_ZL;KEY_Y 0;0 0;0
254 KEY_X;KEY_A 30000;0 0;0
255 KEY_A 30000;0 0;0
256 KEY_A 30000;0 0;0
257 KEY_A 30000;0 0;0
258 KEY_A 30000;0 0;0
318 KEY_B 0;0 0;0
323 KEY_ZL 0;0 0;0
358 KEY_ZL;KEY_Y 0;0 0;0
360 KEY_X;KEY_A 30000;0 0;0
361 KEY_A 30000;0 0;0
362 KEY_A 30000;0 0;0
363 KEY_A 30000;0 0;0
364 KEY_A 30000;0 0;0
424 KEY_B 0;0 0;0
429 KEY_ZL 0;0 0;0
464 KEY_ZL;KEY_Y 0;0 0;0
466 KEY_X;KEY_A 30000;0 0;0
467 KEY_A 30000;0 0;0
468 KEY_A 30000;0 0;0
469 KEY_A 30000;0 0;0
470 KEY_A 30000;0 0;0
530 KEY_B 0;0 0;0
535 KEY_ZL 0;0 0;0
570 KEY_ZL;KEY_Y 0;0 0;0
572 KEY_X;KEY_A 30000;0 0;0
573 KEY_A 30000;0 0;0
574 KEY_A 30000;0 0;0
575 KEY_A 30000;0 0;0
576 KEY_A 30000;0 0;0
